q1
